22
1843
82
157
25
28
121
58
124
118
19
64
142
10
88
298
295
136
241
346
172
250
271
487
211
289
481
904
826
934
844
451
1135
1513
1126
1588
1297
1762
586
1099
1699
1180
616
1333
1630
1468
1108
1048
1183
655
103
670
286
877
166
106
259
73
391
379
7
43
13
16
85
127
79
34
55
91
145
226
97
301
130
100
37
4
304
148
139
76
31
160
343
40
163
232
151
46
235
349
154
352
61
49
355
358
244
169
67
460
247
340
175
52
382
1
178
307
394
253
820
397
70
238
256
208
400
310
262
403
265
109
406
361
181
112
316
328
184
214
331
187
217
220
190
466
223
319
193
469
322
196
364
472
199
367
325
475
202
268
370
478
115
274
334
484
277
337
376
205
463
133
280
490
823
493
1426
292
283
862
898
865
496
658
901
868
499
1207
871
412
907
1210
373
874
931
913
880
664
667
415
937
829
673
676
832
940
883
835
418
1213
886
943
838
946
1216
889
916
502
841
1219
919
1222
505
922
847
508
1225
961
892
949
511
1018
1033
436
1237
1036
439
1021
1240
859
1039
1024
442
955
1042
1243
445
1045
958
448
910
994
1072
691
454
997
694
1000
457
313
697
514
94
1003
1027
517
1246
700
1075
520
1006
703
1054
1009
1078
706
229
1057
385
1129
388
1081
1060
1249
1084
1177
1132
1063
1252
523
526
1138
1186
1141
1189
1144
1030
1816
1192
709
1819
1147
712
529
1822
1150
1066
1825
532
1069
715
1153
1828
1090
718
1156
1195
1438
1093
721
1159
535
1441
1165
538
1831
1477
1198
1168
541
1480
1201
544
1204
547
1444
1171
550
1447
1174
1450
1591
1255
1483
1516
1258
1519
1453
1261
1522
1456
1264
1834
1525
1459
1102
727
1528
1837
1486
1105
1531
1273
1051
1111
1276
730
1462
1549
1114
1489
1552
1279
1492
1555
1840
1282
1495
1558
1534
733
1285
1498
1561
736
1576
1564
1501
1117
1846
1849
1504
1579
1120
1537
739
1123
1567
1540
742
1288
1543
745
1546
748
1471
1582
553
1594
1852
1474
751
724
1597
1096
1162
754
1600
1291
1603
1615
757
1618
760
1621
1612
1507
1570
1624
1510
1627
1573
556
1636
1606
1657
559
1267
562
1270
1855
1294
1675
1858
763
1300
1633
1861
1639
1303
766
1690
1642
1306
769
1609
1645
1678
772
1660
1705
1309
1681
1663
1708
775
565
1666
1864
1711
1669
1693
1714
1672
1312
1684
1648
568
778
1867
1654
1321
574
1738
781
1324
1741
577
1750
1687
1327
1753
1759
1330
1756
1726
784
1774
1768
1336
1744
1777
1771
1702
787
1747
1780
790
1792
1870
1795
793
1783
1801
1765
1798
1804
796
1873
1807
1813
1339
799
1876
1342
580
1879
1786
1345
802
1882
805
583
1348
1885
808
1810
1888
811
1789
814
1891
1351
1354
1393
1894
1357
817
1360
1897
1363
1396
1900
1399
1903
1402
1405
1906
589
1366
1909
1369
592
1420
1912
1372
595
1411
1414
1408
1375
1378
1423
1585
1465
598
682
1417
1381
607
601
421
952
979
970
424
976
850
1231
604
856
427
685
895
430
988
1234
1384
991
610
1228
613
646
643
649
652
409
661
925
628
1432
619
1387
1429
1390
622
679
625
964
631
928
967
982
1012
688
985
1015
634
433
973
1435
853
637
640
1315
1732
1651
1735
1723
1318
1087
571
1696
1717
1729
1720
